0	0
1	0
2	0
3	0
4	0
5	0
6	0
7	0
8	0
9	0
10	0
11	0
12	0
13	0
14	0
15	0
16	0
17	0
18	0
19	0
20	0
21	0
22	0
23	0
24	0
25	0
26	0
27	0
28	0
29	0
30	0
31	0
32	0
33	0
34	0
35	0
36	0
37	0
38	0
39	0
40	0
41	0
42	0
43	0
44	0
45	0
46	0
47	0
48	0
49	0
50	0
51	0
52	0
53	0
54	0
55	0
56	0
57	0
58	0
59	0
60	0
61	0
62	0
63	0
64	0
65	0
66	0
67	0
68	0
69	0
70	0
71	0
72	0
73	0
74	0
75	0
76	0
77	0
78	0
79	0
80	0
81	0
82	0
83	0
84	0
85	0
86	0
87	0
88	0
89	0
90	0
91	0
92	0
93	0
94	0
95	0
96	0
97	0
98	0
99	0
100	0
101	0
102	0
103	0
104	0
105	0
106	0
107	0
108	0
109	0
110	0
111	0
112	0
113	0
114	0
115	0
116	0
117	0
118	0
119	0
120	0
121	0
122	0
123	0
124	0
125	0
126	0
127	0
128	0
129	0
130	0
131	0
132	0
133	0
134	0
135	0
136	0
137	0
138	0
139	0
140	0
141	0
142	0
143	0
144	0
145	0
146	0
147	0
148	0
149	0
150	0
151	0
152	0
153	0
154	0
155	0
156	0
157	0
158	0
159	0
160	0
161	0
162	0
163	0
164	0
165	0
166	0
167	0
168	0
169	0
170	0
171	0
172	0
173	0
174	0
175	0
176	0
177	0
178	0
179	0
180	0
181	0
182	0
183	0
184	0
185	0
186	0
187	0
188	0
189	0
190	0
191	0
192	0
193	0
194	0
195	0
196	0
197	0
198	0
199	0
200	0
201	0
202	0
203	0
204	0
205	0
206	0
207	0
208	0
209	0
210	0
211	0
212	0
213	0
214	0
215	0
216	0
217	0
218	0
219	0
220	0
221	0
222	0
223	0
224	0
225	0
226	0
227	0
228	0
229	0
230	0
231	0
232	0
233	0
234	0
235	0
236	0
237	0
238	0
239	0
240	0
241	0
242	0
243	0
244	0
245	0
246	0
247	0
248	0
249	0
250	0
251	0
252	0
253	0
254	0
255	0
256	0
257	0
258	0
259	0
260	0
261	0
262	0
263	0
264	0
265	0
266	0
267	0
268	0
269	0
270	0
271	0
272	0
273	0
274	0
275	0
276	0
277	0
278	0
279	0
280	0
281	0
282	0
283	0
284	0
285	0
286	0
287	0
288	0
289	0
290	0
291	0
292	0
293	0
294	0
295	0
296	0
297	0
298	0
299	0
300	0
301	0
302	0
303	0
304	0
305	0
306	0
307	0
308	0
309	0
310	0
311	0
312	0
313	0
314	0
315	0
316	0
317	0
318	0
319	0
320	0
321	0
322	0
323	0
324	0
325	0
326	0
327	0
328	0
329	0
330	0
331	0
332	0
333	0
334	0
335	0
336	0
337	0
338	0
339	0
340	0
341	0
342	0
343	0
344	0
345	0
346	0
347	0
348	0
349	0
350	0
351	0
352	0
353	0
354	0
355	0
356	0
357	0
358	0
359	0
360	0
361	0
362	0
363	0
364	0
365	0
366	0
367	0
368	0
369	0
370	0
371	0
372	0
373	0
374	0
375	0
376	0
377	0
378	0
379	0
380	0
381	0
382	0
383	0
384	0
385	0
386	0
387	0
388	0
389	0
390	0
391	0
392	0
393	0
394	0
395	0
396	0
397	0
398	0
399	0
400	5
401	0
402	1
403	4
404	2
405	3
406	2
407	3
408	4
409	6
410	3
411	2
412	2
413	4
414	2
415	3
416	5
417	7
418	4
419	4
420	9
421	5
422	11
423	6
424	16
425	13
426	9
427	3
428	7
429	10
430	10
431	6
432	8
433	11
434	20
435	16
436	13
437	12
438	12
439	19
440	13
441	22
442	15
443	21
444	13
445	21
446	17
447	19
448	23
449	24
450	16
451	16
452	17
453	21
454	22
455	26
456	16
457	27
458	25
459	20
460	19
461	20
462	25
463	27
464	23
465	19
466	37
467	27
468	25
469	21
470	29
471	35
472	24
473	33
474	31
475	24
476	20
477	30
478	28
479	23
480	29
481	35
482	28
483	35
484	25
485	35
486	41
487	32
488	25
489	27
490	25
491	24
492	18
493	35
494	28
495	16
496	21
497	27
498	24
499	24
500	20
501	17
502	22
503	24
504	20
505	13
506	25
507	15
508	23
509	25
510	19
511	16
512	16
513	15
514	15
515	10
516	17
517	15
518	13
519	14
520	11
521	15
522	9
523	12
524	14
525	17
526	11
527	5
528	11
529	7
530	19
531	11
532	7
533	9
534	20
535	15
536	14
537	9
538	15
539	9
540	11
541	15
542	7
543	12
544	20
545	15
546	9
547	9
548	16
549	11
550	5
551	6
552	9
553	4
554	10
555	11
556	8
557	6
558	12
559	9
560	10
561	7
562	12
563	10
564	8
565	9
566	12
567	7
568	15
569	11
570	8
571	8
572	9
573	11
574	4
575	8
576	7
577	8
578	8
579	9
580	5
581	7
582	6
583	7
584	7
585	5
586	11
587	4
588	4
589	10
590	5
591	9
592	4
593	7
594	6
595	4
596	8
597	9
598	5
599	6
600	4
601	11
602	3
603	7
604	2
605	5
606	6
607	4
608	2
609	1
610	5
611	7
612	7
613	3
614	6
615	1
616	4
617	4
618	8
619	7
620	8
621	6
622	6
623	5
624	6
625	2
626	10
627	7
628	3
629	11
630	6
631	2
632	5
633	7
634	5
635	6
636	6
637	8
638	6
639	7
640	9
641	4
642	2
643	4
644	2
645	4
646	3
647	5
648	9
649	6
650	8
651	7
652	4
653	3
654	6
655	4
656	0
657	4
658	3
659	6
660	6
661	3
662	4
663	7
664	3
665	7
666	7
667	6
668	4
669	6
670	6
671	8
672	5
673	1
674	6
675	6
676	5
677	6
678	4
679	2
680	5
681	9
682	6
683	5
684	5
685	7
686	6
687	1
688	2
689	2
690	3
691	1
692	4
693	3
694	2
695	1
696	4
697	0
698	4
699	3
700	3
701	0
